Time: 0
Tasks waiting: 
(46,3,3),(6,5,5),(15,6,4),(33,6,7),(34,6,6),(49,6,1),(3,7,5),(13,7,7),(10,9,6),(16,9,6),(22,9,7),(24,9,7),(41,9,5),(27,10,7),(28,11,7),(5,12,6),(31,13,3),(48,13,3),(2,14,4),(9,14,7),(11,14,2),(14,14,1),(30,14,4),(19,16,5),(21,18,4),(37,18,5),(29,19,7),(23,20,4),(39,21,5),(0,23,5),(4,23,6),(35,23,7),(32,24,4),(25,25,2),(43,25,7),(17,27,7),(44,27,1),(7,28,4),(20,28,4),(42,30,6),(47,31,4),(40,32,5),(8,35,1),(12,36,6),(45,36,1),(36,38,6),(1,39,6),(26,39,4),(18,40,1),(38,40,1),
Queue 0:empty
Queue 1:empty
Queue 2:empty
Queue 3:empty
Queue 4:empty
------------------
Time: 1
Tasks waiting: 
(46,3,3),(6,5,5),(15,6,4),(33,6,7),(34,6,6),(49,6,1),(3,7,5),(13,7,7),(10,9,6),(16,9,6),(22,9,7),(24,9,7),(41,9,5),(27,10,7),(28,11,7),(5,12,6),(31,13,3),(48,13,3),(2,14,4),(9,14,7),(11,14,2),(14,14,1),(30,14,4),(19,16,5),(21,18,4),(37,18,5),(29,19,7),(23,20,4),(39,21,5),(0,23,5),(4,23,6),(35,23,7),(32,24,4),(25,25,2),(43,25,7),(17,27,7),(44,27,1),(7,28,4),(20,28,4),(42,30,6),(47,31,4),(40,32,5),(8,35,1),(12,36,6),(45,36,1),(36,38,6),(1,39,6),(26,39,4),(18,40,1),(38,40,1),
Queue 0:empty
Queue 1:empty
Queue 2:empty
Queue 3:empty
Queue 4:empty
------------------
Time: 2
Tasks waiting: 
(46,3,3),(6,5,5),(15,6,4),(33,6,7),(34,6,6),(49,6,1),(3,7,5),(13,7,7),(10,9,6),(16,9,6),(22,9,7),(24,9,7),(41,9,5),(27,10,7),(28,11,7),(5,12,6),(31,13,3),(48,13,3),(2,14,4),(9,14,7),(11,14,2),(14,14,1),(30,14,4),(19,16,5),(21,18,4),(37,18,5),(29,19,7),(23,20,4),(39,21,5),(0,23,5),(4,23,6),(35,23,7),(32,24,4),(25,25,2),(43,25,7),(17,27,7),(44,27,1),(7,28,4),(20,28,4),(42,30,6),(47,31,4),(40,32,5),(8,35,1),(12,36,6),(45,36,1),(36,38,6),(1,39,6),(26,39,4),(18,40,1),(38,40,1),
Queue 0:empty
Queue 1:empty
Queue 2:empty
Queue 3:empty
Queue 4:empty
------------------
Time: 3
Tasks waiting: 
(6,5,5),(15,6,4),(33,6,7),(34,6,6),(49,6,1),(3,7,5),(13,7,7),(10,9,6),(16,9,6),(22,9,7),(24,9,7),(41,9,5),(27,10,7),(28,11,7),(5,12,6),(31,13,3),(48,13,3),(2,14,4),(9,14,7),(11,14,2),(14,14,1),(30,14,4),(19,16,5),(21,18,4),(37,18,5),(29,19,7),(23,20,4),(39,21,5),(0,23,5),(4,23,6),(35,23,7),(32,24,4),(25,25,2),(43,25,7),(17,27,7),(44,27,1),(7,28,4),(20,28,4),(42,30,6),(47,31,4),(40,32,5),(8,35,1),(12,36,6),(45,36,1),(36,38,6),(1,39,6),(26,39,4),(18,40,1),(38,40,1),
Queue 0:(46,3,3),
Queue 1:empty
Queue 2:empty
Queue 3:empty
Queue 4:empty
------------------
Time: 4
Tasks waiting: 
(6,5,5),(15,6,4),(33,6,7),(34,6,6),(49,6,1),(3,7,5),(13,7,7),(10,9,6),(16,9,6),(22,9,7),(24,9,7),(41,9,5),(27,10,7),(28,11,7),(5,12,6),(31,13,3),(48,13,3),(2,14,4),(9,14,7),(11,14,2),(14,14,1),(30,14,4),(19,16,5),(21,18,4),(37,18,5),(29,19,7),(23,20,4),(39,21,5),(0,23,5),(4,23,6),(35,23,7),(32,24,4),(25,25,2),(43,25,7),(17,27,7),(44,27,1),(7,28,4),(20,28,4),(42,30,6),(47,31,4),(40,32,5),(8,35,1),(12,36,6),(45,36,1),(36,38,6),(1,39,6),(26,39,4),(18,40,1),(38,40,1),
Queue 0:(46,3,2),
Queue 1:empty
Queue 2:empty
Queue 3:empty
Queue 4:empty
------------------
Time: 5
Tasks waiting: 
(15,6,4),(33,6,7),(34,6,6),(49,6,1),(3,7,5),(13,7,7),(10,9,6),(16,9,6),(22,9,7),(24,9,7),(41,9,5),(27,10,7),(28,11,7),(5,12,6),(31,13,3),(48,13,3),(2,14,4),(9,14,7),(11,14,2),(14,14,1),(30,14,4),(19,16,5),(21,18,4),(37,18,5),(29,19,7),(23,20,4),(39,21,5),(0,23,5),(4,23,6),(35,23,7),(32,24,4),(25,25,2),(43,25,7),(17,27,7),(44,27,1),(7,28,4),(20,28,4),(42,30,6),(47,31,4),(40,32,5),(8,35,1),(12,36,6),(45,36,1),(36,38,6),(1,39,6),(26,39,4),(18,40,1),(38,40,1),
Queue 0:(46,3,1),
Queue 1:(6,5,5),
Queue 2:empty
Queue 3:empty
Queue 4:empty
------------------
Time: 6
Tasks waiting: 
(3,7,5),(13,7,7),(10,9,6),(16,9,6),(22,9,7),(24,9,7),(41,9,5),(27,10,7),(28,11,7),(5,12,6),(31,13,3),(48,13,3),(2,14,4),(9,14,7),(11,14,2),(14,14,1),(30,14,4),(19,16,5),(21,18,4),(37,18,5),(29,19,7),(23,20,4),(39,21,5),(0,23,5),(4,23,6),(35,23,7),(32,24,4),(25,25,2),(43,25,7),(17,27,7),(44,27,1),(7,28,4),(20,28,4),(42,30,6),(47,31,4),(40,32,5),(8,35,1),(12,36,6),(45,36,1),(36,38,6),(1,39,6),(26,39,4),(18,40,1),(38,40,1),
Queue 0:(15,6,4),
Queue 1:(6,5,4),
Queue 2:(33,6,7),
Queue 3:(34,6,6),
Queue 4:(49,6,1),
------------------
Time: 7
Tasks waiting: 
(10,9,6),(16,9,6),(22,9,7),(24,9,7),(41,9,5),(27,10,7),(28,11,7),(5,12,6),(31,13,3),(48,13,3),(2,14,4),(9,14,7),(11,14,2),(14,14,1),(30,14,4),(19,16,5),(21,18,4),(37,18,5),(29,19,7),(23,20,4),(39,21,5),(0,23,5),(4,23,6),(35,23,7),(32,24,4),(25,25,2),(43,25,7),(17,27,7),(44,27,1),(7,28,4),(20,28,4),(42,30,6),(47,31,4),(40,32,5),(8,35,1),(12,36,6),(45,36,1),(36,38,6),(1,39,6),(26,39,4),(18,40,1),(38,40,1),
Queue 0:(15,6,3),(13,7,7),
Queue 1:(6,5,3),
Queue 2:(33,6,6),
Queue 3:(34,6,5),
Queue 4:(3,7,5),
------------------
Time: 8
Tasks waiting: 
(10,9,6),(16,9,6),(22,9,7),(24,9,7),(41,9,5),(27,10,7),(28,11,7),(5,12,6),(31,13,3),(48,13,3),(2,14,4),(9,14,7),(11,14,2),(14,14,1),(30,14,4),(19,16,5),(21,18,4),(37,18,5),(29,19,7),(23,20,4),(39,21,5),(0,23,5),(4,23,6),(35,23,7),(32,24,4),(25,25,2),(43,25,7),(17,27,7),(44,27,1),(7,28,4),(20,28,4),(42,30,6),(47,31,4),(40,32,5),(8,35,1),(12,36,6),(45,36,1),(36,38,6),(1,39,6),(26,39,4),(18,40,1),(38,40,1),
Queue 0:(15,6,2),(13,7,7),
Queue 1:(6,5,2),
Queue 2:(33,6,5),
Queue 3:(34,6,4),
Queue 4:(3,7,4),
------------------
Time: 9
Tasks waiting: 
(27,10,7),(28,11,7),(5,12,6),(31,13,3),(48,13,3),(2,14,4),(9,14,7),(11,14,2),(14,14,1),(30,14,4),(19,16,5),(21,18,4),(37,18,5),(29,19,7),(23,20,4),(39,21,5),(0,23,5),(4,23,6),(35,23,7),(32,24,4),(25,25,2),(43,25,7),(17,27,7),(44,27,1),(7,28,4),(20,28,4),(42,30,6),(47,31,4),(40,32,5),(8,35,1),(12,36,6),(45,36,1),(36,38,6),(1,39,6),(26,39,4),(18,40,1),(38,40,1),
Queue 0:(15,6,1),(13,7,7),
Queue 1:(6,5,1),(10,9,6),(41,9,5),
Queue 2:(33,6,4),(24,9,7),
Queue 3:(34,6,3),(16,9,6),
Queue 4:(3,7,3),(22,9,7),
------------------
Time: 10
Tasks waiting: 
(28,11,7),(5,12,6),(31,13,3),(48,13,3),(2,14,4),(9,14,7),(11,14,2),(14,14,1),(30,14,4),(19,16,5),(21,18,4),(37,18,5),(29,19,7),(23,20,4),(39,21,5),(0,23,5),(4,23,6),(35,23,7),(32,24,4),(25,25,2),(43,25,7),(17,27,7),(44,27,1),(7,28,4),(20,28,4),(42,30,6),(47,31,4),(40,32,5),(8,35,1),(12,36,6),(45,36,1),(36,38,6),(1,39,6),(26,39,4),(18,40,1),(38,40,1),
Queue 0:(13,7,7),(27,10,7),
Queue 1:(10,9,6),(41,9,5),
Queue 2:(33,6,3),(24,9,7),
Queue 3:(34,6,2),(16,9,6),
Queue 4:(3,7,2),(22,9,7),
------------------
Time: 11
Tasks waiting: 
(5,12,6),(31,13,3),(48,13,3),(2,14,4),(9,14,7),(11,14,2),(14,14,1),(30,14,4),(19,16,5),(21,18,4),(37,18,5),(29,19,7),(23,20,4),(39,21,5),(0,23,5),(4,23,6),(35,23,7),(32,24,4),(25,25,2),(43,25,7),(17,27,7),(44,27,1),(7,28,4),(20,28,4),(42,30,6),(47,31,4),(40,32,5),(8,35,1),(12,36,6),(45,36,1),(36,38,6),(1,39,6),(26,39,4),(18,40,1),(38,40,1),
Queue 0:(13,7,6),(27,10,7),
Queue 1:(10,9,5),(41,9,5),
Queue 2:(33,6,2),(24,9,7),
Queue 3:(34,6,1),(16,9,6),(28,11,7),
Queue 4:(3,7,1),(22,9,7),
------------------
Time: 12
Tasks waiting: 
(31,13,3),(48,13,3),(2,14,4),(9,14,7),(11,14,2),(14,14,1),(30,14,4),(19,16,5),(21,18,4),(37,18,5),(29,19,7),(23,20,4),(39,21,5),(0,23,5),(4,23,6),(35,23,7),(32,24,4),(25,25,2),(43,25,7),(17,27,7),(44,27,1),(7,28,4),(20,28,4),(42,30,6),(47,31,4),(40,32,5),(8,35,1),(12,36,6),(45,36,1),(36,38,6),(1,39,6),(26,39,4),(18,40,1),(38,40,1),
Queue 0:(13,7,5),(27,10,7),
Queue 1:(10,9,4),(41,9,5),
Queue 2:(33,6,1),(24,9,7),
Queue 3:(16,9,6),(28,11,7),
Queue 4:(22,9,7),(5,12,6),
------------------
Time: 13
Tasks waiting: 
(2,14,4),(9,14,7),(11,14,2),(14,14,1),(30,14,4),(19,16,5),(21,18,4),(37,18,5),(29,19,7),(23,20,4),(39,21,5),(0,23,5),(4,23,6),(35,23,7),(32,24,4),(25,25,2),(43,25,7),(17,27,7),(44,27,1),(7,28,4),(20,28,4),(42,30,6),(47,31,4),(40,32,5),(8,35,1),(12,36,6),(45,36,1),(36,38,6),(1,39,6),(26,39,4),(18,40,1),(38,40,1),
Queue 0:(13,7,4),(27,10,7),
Queue 1:(10,9,3),(41,9,5),(48,13,3),
Queue 2:(24,9,7),(31,13,3),
Queue 3:(16,9,5),(28,11,7),
Queue 4:(22,9,6),(5,12,6),
------------------
Time: 14
Tasks waiting: 
(19,16,5),(21,18,4),(37,18,5),(29,19,7),(23,20,4),(39,21,5),(0,23,5),(4,23,6),(35,23,7),(32,24,4),(25,25,2),(43,25,7),(17,27,7),(44,27,1),(7,28,4),(20,28,4),(42,30,6),(47,31,4),(40,32,5),(8,35,1),(12,36,6),(45,36,1),(36,38,6),(1,39,6),(26,39,4),(18,40,1),(38,40,1),
Queue 0:(13,7,3),(27,10,7),(9,14,7),
Queue 1:(10,9,2),(41,9,5),(48,13,3),(11,14,2),
Queue 2:(24,9,6),(31,13,3),(2,14,4),
Queue 3:(16,9,4),(28,11,7),(14,14,1),
Queue 4:(22,9,5),(5,12,6),(30,14,4),
------------------
Time: 15
Tasks waiting: 
(19,16,5),(21,18,4),(37,18,5),(29,19,7),(23,20,4),(39,21,5),(0,23,5),(4,23,6),(35,23,7),(32,24,4),(25,25,2),(43,25,7),(17,27,7),(44,27,1),(7,28,4),(20,28,4),(42,30,6),(47,31,4),(40,32,5),(8,35,1),(12,36,6),(45,36,1),(36,38,6),(1,39,6),(26,39,4),(18,40,1),(38,40,1),
Queue 0:(13,7,2),(27,10,7),(9,14,7),
Queue 1:(10,9,1),(41,9,5),(48,13,3),(11,14,2),
Queue 2:(24,9,5),(31,13,3),(2,14,4),
Queue 3:(16,9,3),(28,11,7),(14,14,1),
Queue 4:(22,9,4),(5,12,6),(30,14,4),
------------------
Time: 16
Tasks waiting: 
(21,18,4),(37,18,5),(29,19,7),(23,20,4),(39,21,5),(0,23,5),(4,23,6),(35,23,7),(32,24,4),(25,25,2),(43,25,7),(17,27,7),(44,27,1),(7,28,4),(20,28,4),(42,30,6),(47,31,4),(40,32,5),(8,35,1),(12,36,6),(45,36,1),(36,38,6),(1,39,6),(26,39,4),(18,40,1),(38,40,1),
Queue 0:(13,7,1),(27,10,7),(9,14,7),
Queue 1:(41,9,5),(48,13,3),(11,14,2),(19,16,5),
Queue 2:(24,9,4),(31,13,3),(2,14,4),
Queue 3:(16,9,2),(28,11,7),(14,14,1),
Queue 4:(22,9,3),(5,12,6),(30,14,4),
------------------
Time: 17
Tasks waiting: 
(21,18,4),(37,18,5),(29,19,7),(23,20,4),(39,21,5),(0,23,5),(4,23,6),(35,23,7),(32,24,4),(25,25,2),(43,25,7),(17,27,7),(44,27,1),(7,28,4),(20,28,4),(42,30,6),(47,31,4),(40,32,5),(8,35,1),(12,36,6),(45,36,1),(36,38,6),(1,39,6),(26,39,4),(18,40,1),(38,40,1),
Queue 0:(27,10,7),(9,14,7),
Queue 1:(41,9,4),(48,13,3),(11,14,2),(19,16,5),
Queue 2:(24,9,3),(31,13,3),(2,14,4),
Queue 3:(16,9,1),(28,11,7),(14,14,1),
Queue 4:(22,9,2),(5,12,6),(30,14,4),
------------------
Time: 18
Tasks waiting: 
(29,19,7),(23,20,4),(39,21,5),(0,23,5),(4,23,6),(35,23,7),(32,24,4),(25,25,2),(43,25,7),(17,27,7),(44,27,1),(7,28,4),(20,28,4),(42,30,6),(47,31,4),(40,32,5),(8,35,1),(12,36,6),(45,36,1),(36,38,6),(1,39,6),(26,39,4),(18,40,1),(38,40,1),
Queue 0:(27,10,6),(9,14,7),
Queue 1:(41,9,3),(48,13,3),(11,14,2),(19,16,5),
Queue 2:(24,9,2),(31,13,3),(2,14,4),(37,18,5),
Queue 3:(28,11,7),(14,14,1),(21,18,4),
Queue 4:(22,9,1),(5,12,6),(30,14,4),
------------------
Time: 19
Tasks waiting: 
(23,20,4),(39,21,5),(0,23,5),(4,23,6),(35,23,7),(32,24,4),(25,25,2),(43,25,7),(17,27,7),(44,27,1),(7,28,4),(20,28,4),(42,30,6),(47,31,4),(40,32,5),(8,35,1),(12,36,6),(45,36,1),(36,38,6),(1,39,6),(26,39,4),(18,40,1),(38,40,1),
Queue 0:(27,10,5),(9,14,7),
Queue 1:(41,9,2),(48,13,3),(11,14,2),(19,16,5),
Queue 2:(24,9,1),(31,13,3),(2,14,4),(37,18,5),
Queue 3:(28,11,6),(14,14,1),(21,18,4),
Queue 4:(5,12,6),(30,14,4),(29,19,7),
------------------
Time: 20
Tasks waiting: 
(39,21,5),(0,23,5),(4,23,6),(35,23,7),(32,24,4),(25,25,2),(43,25,7),(17,27,7),(44,27,1),(7,28,4),(20,28,4),(42,30,6),(47,31,4),(40,32,5),(8,35,1),(12,36,6),(45,36,1),(36,38,6),(1,39,6),(26,39,4),(18,40,1),(38,40,1),
Queue 0:(27,10,4),(9,14,7),
Queue 1:(41,9,1),(48,13,3),(11,14,2),(19,16,5),
Queue 2:(31,13,3),(2,14,4),(37,18,5),
Queue 3:(28,11,5),(14,14,1),(21,18,4),(23,20,4),
Queue 4:(5,12,5),(30,14,4),(29,19,7),
------------------
Time: 21
Tasks waiting: 
(0,23,5),(4,23,6),(35,23,7),(32,24,4),(25,25,2),(43,25,7),(17,27,7),(44,27,1),(7,28,4),(20,28,4),(42,30,6),(47,31,4),(40,32,5),(8,35,1),(12,36,6),(45,36,1),(36,38,6),(1,39,6),(26,39,4),(18,40,1),(38,40,1),
Queue 0:(27,10,3),(9,14,7),(39,21,5),
Queue 1:(48,13,3),(11,14,2),(19,16,5),
Queue 2:(31,13,2),(2,14,4),(37,18,5),
Queue 3:(28,11,4),(14,14,1),(21,18,4),(23,20,4),
Queue 4:(5,12,4),(30,14,4),(29,19,7),
------------------
Time: 22
Tasks waiting: 
(0,23,5),(4,23,6),(35,23,7),(32,24,4),(25,25,2),(43,25,7),(17,27,7),(44,27,1),(7,28,4),(20,28,4),(42,30,6),(47,31,4),(40,32,5),(8,35,1),(12,36,6),(45,36,1),(36,38,6),(1,39,6),(26,39,4),(18,40,1),(38,40,1),
Queue 0:(27,10,2),(9,14,7),(39,21,5),
Queue 1:(48,13,2),(11,14,2),(19,16,5),
Queue 2:(31,13,1),(2,14,4),(37,18,5),
Queue 3:(28,11,3),(14,14,1),(21,18,4),(23,20,4),
Queue 4:(5,12,3),(30,14,4),(29,19,7),
------------------
Time: 23
Tasks waiting: 
(32,24,4),(25,25,2),(43,25,7),(17,27,7),(44,27,1),(7,28,4),(20,28,4),(42,30,6),(47,31,4),(40,32,5),(8,35,1),(12,36,6),(45,36,1),(36,38,6),(1,39,6),(26,39,4),(18,40,1),(38,40,1),
Queue 0:(27,10,1),(9,14,7),(39,21,5),
Queue 1:(48,13,1),(11,14,2),(19,16,5),(0,23,5),
Queue 2:(2,14,4),(37,18,5),(4,23,6),
Queue 3:(28,11,2),(14,14,1),(21,18,4),(23,20,4),(35,23,7),
Queue 4:(5,12,2),(30,14,4),(29,19,7),
------------------
Time: 24
Tasks waiting: 
(25,25,2),(43,25,7),(17,27,7),(44,27,1),(7,28,4),(20,28,4),(42,30,6),(47,31,4),(40,32,5),(8,35,1),(12,36,6),(45,36,1),(36,38,6),(1,39,6),(26,39,4),(18,40,1),(38,40,1),
Queue 0:(9,14,7),(39,21,5),(32,24,4),
Queue 1:(11,14,2),(19,16,5),(0,23,5),
Queue 2:(2,14,3),(37,18,5),(4,23,6),
Queue 3:(28,11,1),(14,14,1),(21,18,4),(23,20,4),(35,23,7),
Queue 4:(5,12,1),(30,14,4),(29,19,7),
------------------
Time: 25
Tasks waiting: 
(17,27,7),(44,27,1),(7,28,4),(20,28,4),(42,30,6),(47,31,4),(40,32,5),(8,35,1),(12,36,6),(45,36,1),(36,38,6),(1,39,6),(26,39,4),(18,40,1),(38,40,1),
Queue 0:(9,14,6),(39,21,5),(32,24,4),
Queue 1:(11,14,1),(19,16,5),(0,23,5),(25,25,2),
Queue 2:(2,14,2),(37,18,5),(4,23,6),
Queue 3:(14,14,1),(21,18,4),(23,20,4),(35,23,7),
Queue 4:(30,14,4),(29,19,7),(43,25,7),
------------------
Time: 26
Tasks waiting: 
(17,27,7),(44,27,1),(7,28,4),(20,28,4),(42,30,6),(47,31,4),(40,32,5),(8,35,1),(12,36,6),(45,36,1),(36,38,6),(1,39,6),(26,39,4),(18,40,1),(38,40,1),
Queue 0:(9,14,5),(39,21,5),(32,24,4),
Queue 1:(19,16,5),(0,23,5),(25,25,2),
Queue 2:(2,14,1),(37,18,5),(4,23,6),
Queue 3:(21,18,4),(23,20,4),(35,23,7),
Queue 4:(30,14,3),(29,19,7),(43,25,7),
------------------
Time: 27
Tasks waiting: 
(7,28,4),(20,28,4),(42,30,6),(47,31,4),(40,32,5),(8,35,1),(12,36,6),(45,36,1),(36,38,6),(1,39,6),(26,39,4),(18,40,1),(38,40,1),
Queue 0:(9,14,4),(39,21,5),(32,24,4),
Queue 1:(19,16,4),(0,23,5),(25,25,2),(17,27,7),
Queue 2:(37,18,5),(4,23,6),(44,27,1),
Queue 3:(21,18,3),(23,20,4),(35,23,7),
Queue 4:(30,14,2),(29,19,7),(43,25,7),
------------------
Time: 28
Tasks waiting: 
(42,30,6),(47,31,4),(40,32,5),(8,35,1),(12,36,6),(45,36,1),(36,38,6),(1,39,6),(26,39,4),(18,40,1),(38,40,1),
Queue 0:(9,14,3),(39,21,5),(32,24,4),(20,28,4),
Queue 1:(19,16,3),(0,23,5),(25,25,2),(17,27,7),
Queue 2:(37,18,4),(4,23,6),(44,27,1),(7,28,4),
Queue 3:(21,18,2),(23,20,4),(35,23,7),
Queue 4:(30,14,1),(29,19,7),(43,25,7),
------------------
Time: 29
Tasks waiting: 
(42,30,6),(47,31,4),(40,32,5),(8,35,1),(12,36,6),(45,36,1),(36,38,6),(1,39,6),(26,39,4),(18,40,1),(38,40,1),
Queue 0:(9,14,2),(39,21,5),(32,24,4),(20,28,4),
Queue 1:(19,16,2),(0,23,5),(25,25,2),(17,27,7),
Queue 2:(37,18,3),(4,23,6),(44,27,1),(7,28,4),
Queue 3:(21,18,1),(23,20,4),(35,23,7),
Queue 4:(29,19,7),(43,25,7),
------------------
Time: 30
Tasks waiting: 
(47,31,4),(40,32,5),(8,35,1),(12,36,6),(45,36,1),(36,38,6),(1,39,6),(26,39,4),(18,40,1),(38,40,1),
Queue 0:(9,14,1),(39,21,5),(32,24,4),(20,28,4),
Queue 1:(19,16,1),(0,23,5),(25,25,2),(17,27,7),
Queue 2:(37,18,2),(4,23,6),(44,27,1),(7,28,4),
Queue 3:(23,20,4),(35,23,7),(42,30,6),
Queue 4:(29,19,6),(43,25,7),
------------------
Time: 31
Tasks waiting: 
(40,32,5),(8,35,1),(12,36,6),(45,36,1),(36,38,6),(1,39,6),(26,39,4),(18,40,1),(38,40,1),
Queue 0:(39,21,5),(32,24,4),(20,28,4),
Queue 1:(0,23,5),(25,25,2),(17,27,7),
Queue 2:(37,18,1),(4,23,6),(44,27,1),(7,28,4),(47,31,4),
Queue 3:(23,20,3),(35,23,7),(42,30,6),
Queue 4:(29,19,5),(43,25,7),
------------------
Time: 32
Tasks waiting: 
(8,35,1),(12,36,6),(45,36,1),(36,38,6),(1,39,6),(26,39,4),(18,40,1),(38,40,1),
Queue 0:(39,21,4),(32,24,4),(20,28,4),
Queue 1:(0,23,4),(25,25,2),(17,27,7),
Queue 2:(4,23,6),(44,27,1),(7,28,4),(47,31,4),
Queue 3:(23,20,2),(35,23,7),(42,30,6),
Queue 4:(29,19,4),(43,25,7),(40,32,5),
------------------
Time: 33
Tasks waiting: 
(8,35,1),(12,36,6),(45,36,1),(36,38,6),(1,39,6),(26,39,4),(18,40,1),(38,40,1),
Queue 0:(39,21,3),(32,24,4),(20,28,4),
Queue 1:(0,23,3),(25,25,2),(17,27,7),
Queue 2:(4,23,5),(44,27,1),(7,28,4),(47,31,4),
Queue 3:(23,20,1),(35,23,7),(42,30,6),
Queue 4:(29,19,3),(43,25,7),(40,32,5),
------------------
Time: 34
Tasks waiting: 
(8,35,1),(12,36,6),(45,36,1),(36,38,6),(1,39,6),(26,39,4),(18,40,1),(38,40,1),
Queue 0:(39,21,2),(32,24,4),(20,28,4),
Queue 1:(0,23,2),(25,25,2),(17,27,7),
Queue 2:(4,23,4),(44,27,1),(7,28,4),(47,31,4),
Queue 3:(35,23,7),(42,30,6),
Queue 4:(29,19,2),(43,25,7),(40,32,5),
------------------
Time: 35
Tasks waiting: 
(12,36,6),(45,36,1),(36,38,6),(1,39,6),(26,39,4),(18,40,1),(38,40,1),
Queue 0:(39,21,1),(32,24,4),(20,28,4),(8,35,1),
Queue 1:(0,23,1),(25,25,2),(17,27,7),
Queue 2:(4,23,3),(44,27,1),(7,28,4),(47,31,4),
Queue 3:(35,23,6),(42,30,6),
Queue 4:(29,19,1),(43,25,7),(40,32,5),
------------------
Time: 36
Tasks waiting: 
(36,38,6),(1,39,6),(26,39,4),(18,40,1),(38,40,1),
Queue 0:(32,24,4),(20,28,4),(8,35,1),(12,36,6),
Queue 1:(25,25,2),(17,27,7),(45,36,1),
Queue 2:(4,23,2),(44,27,1),(7,28,4),(47,31,4),
Queue 3:(35,23,5),(42,30,6),
Queue 4:(43,25,7),(40,32,5),
------------------
Time: 37
Tasks waiting: 
(36,38,6),(1,39,6),(26,39,4),(18,40,1),(38,40,1),
Queue 0:(32,24,3),(20,28,4),(8,35,1),(12,36,6),
Queue 1:(25,25,1),(17,27,7),(45,36,1),
Queue 2:(4,23,1),(44,27,1),(7,28,4),(47,31,4),
Queue 3:(35,23,4),(42,30,6),
Queue 4:(43,25,6),(40,32,5),
------------------
Time: 38
Tasks waiting: 
(1,39,6),(26,39,4),(18,40,1),(38,40,1),
Queue 0:(32,24,2),(20,28,4),(8,35,1),(12,36,6),
Queue 1:(17,27,7),(45,36,1),(36,38,6),
Queue 2:(44,27,1),(7,28,4),(47,31,4),
Queue 3:(35,23,3),(42,30,6),
Queue 4:(43,25,5),(40,32,5),
------------------
Time: 39
Tasks waiting: 
(18,40,1),(38,40,1),
Queue 0:(32,24,1),(20,28,4),(8,35,1),(12,36,6),
Queue 1:(17,27,6),(45,36,1),(36,38,6),
Queue 2:(7,28,4),(47,31,4),(1,39,6),
Queue 3:(35,23,2),(42,30,6),(26,39,4),
Queue 4:(43,25,4),(40,32,5),
------------------
Time: 40
Tasks waiting: 
Queue 0:(20,28,4),(8,35,1),(12,36,6),
Queue 1:(17,27,5),(45,36,1),(36,38,6),
Queue 2:(7,28,3),(47,31,4),(1,39,6),
Queue 3:(35,23,1),(42,30,6),(26,39,4),
Queue 4:(43,25,3),(40,32,5),(18,40,1),(38,40,1),
------------------
Time: 41
Tasks waiting: 
Queue 0:(20,28,3),(8,35,1),(12,36,6),
Queue 1:(17,27,4),(45,36,1),(36,38,6),
Queue 2:(7,28,2),(47,31,4),(1,39,6),
Queue 3:(42,30,6),(26,39,4),
Queue 4:(43,25,2),(40,32,5),(18,40,1),(38,40,1),
------------------
Time: 42
Tasks waiting: 
Queue 0:(20,28,2),(8,35,1),(12,36,6),
Queue 1:(17,27,3),(45,36,1),(36,38,6),
Queue 2:(7,28,1),(47,31,4),(1,39,6),
Queue 3:(42,30,5),(26,39,4),
Queue 4:(43,25,1),(40,32,5),(18,40,1),(38,40,1),
------------------
Time: 43
Tasks waiting: 
Queue 0:(20,28,1),(8,35,1),(12,36,6),
Queue 1:(17,27,2),(45,36,1),(36,38,6),
Queue 2:(47,31,4),(1,39,6),
Queue 3:(42,30,4),(26,39,4),
Queue 4:(40,32,5),(18,40,1),(38,40,1),
------------------
Time: 44
Tasks waiting: 
Queue 0:(8,35,1),(12,36,6),
Queue 1:(17,27,1),(45,36,1),(36,38,6),
Queue 2:(47,31,3),(1,39,6),
Queue 3:(42,30,3),(26,39,4),
Queue 4:(40,32,4),(18,40,1),(38,40,1),
------------------
Time: 45
Tasks waiting: 
Queue 0:(12,36,6),
Queue 1:(45,36,1),(36,38,6),
Queue 2:(47,31,2),(1,39,6),
Queue 3:(42,30,2),(26,39,4),
Queue 4:(40,32,3),(18,40,1),(38,40,1),
------------------
Time: 46
Tasks waiting: 
Queue 0:(12,36,5),
Queue 1:(36,38,6),
Queue 2:(47,31,1),(1,39,6),
Queue 3:(42,30,1),(26,39,4),
Queue 4:(40,32,2),(18,40,1),(38,40,1),
------------------
Time: 47
Tasks waiting: 
Queue 0:(12,36,4),
Queue 1:(36,38,5),
Queue 2:(1,39,6),
Queue 3:(26,39,4),
Queue 4:(40,32,1),(18,40,1),(38,40,1),
------------------
Time: 48
Tasks waiting: 
Queue 0:(12,36,3),
Queue 1:(36,38,4),
Queue 2:(1,39,5),
Queue 3:(26,39,3),
Queue 4:(18,40,1),(38,40,1),
------------------
Time: 49
Tasks waiting: 
Queue 0:(12,36,2),
Queue 1:(36,38,3),
Queue 2:(1,39,4),
Queue 3:(26,39,2),
Queue 4:(38,40,1),
------------------
Time: 50
Tasks waiting: 
Queue 0:(12,36,1),
Queue 1:(36,38,2),
Queue 2:(1,39,3),
Queue 3:(26,39,1),
Queue 4:empty
------------------
Time: 51
Tasks waiting: 
Queue 0:empty
Queue 1:(36,38,1),
Queue 2:(1,39,2),
Queue 3:empty
Queue 4:empty
------------------
Time: 52
Tasks waiting: 
Queue 0:empty
Queue 1:empty
Queue 2:(1,39,1),
Queue 3:empty
Queue 4:empty
------------------
Time: 53
Tasks waiting: 
Queue 0:empty
Queue 1:empty
Queue 2:empty
Queue 3:empty
Queue 4:empty
------------------
Time: 54
Tasks waiting: 
Queue 0:empty
Queue 1:empty
Queue 2:empty
Queue 3:empty
Queue 4:empty
------------------
Time: 55
Tasks waiting: 
Queue 0:empty
Queue 1:empty
Queue 2:empty
Queue 3:empty
Queue 4:empty
------------------
Time: 56
Tasks waiting: 
Queue 0:empty
Queue 1:empty
Queue 2:empty
Queue 3:empty
Queue 4:empty
------------------
Time: 57
Tasks waiting: 
Queue 0:empty
Queue 1:empty
Queue 2:empty
Queue 3:empty
Queue 4:empty
------------------
Time: 58
Tasks waiting: 
Queue 0:empty
Queue 1:empty
Queue 2:empty
Queue 3:empty
Queue 4:empty
------------------
Time: 59
Tasks waiting: 
Queue 0:empty
Queue 1:empty
Queue 2:empty
Queue 3:empty
Queue 4:empty
------------------
Peak: 28
AvgWaitingTime: 9.81
AvgServiceTime: 4.62
Done!
